1000388114727124994
1002935541476745216
1003503961226145797
1003715745283493888
1004320914522042369
1005104510149292033
1005698287800741890
1006506177583251462
1007363158258978818
1008912795293962240
1009631625523712000
1009645146437226497
1010227950900469760
1011813739564228608
1011818483217100800
1012122882363744256
1012407193386258433
1012827364479283200
101331688
1013429513525424129
1013645289545056257
1014846547534569473
1015803031781142528
1016487483138138112
1017479400328257536
1019113442202959872
102221481
1023343682596950016
1026295618816233472
1029620574887194624
1029811377773240320
1032924755001794561
1033239561487319040
1033426775286669312
1034441467555721216
1034786025321582592
1034865026824392704
1035492799960035328
103670868
1037192872649531395
1038190284524466176
1038600981230039046
1038858155218927620
1039375877035851776
1039989529510375426
1040247711021375488
1040980029788889088
1041309795762888705
1041464593992708097
1041955905774833664
1043280972525973504
1043695134
1046385287998275584
1046628337534173184
1046836529044312067
1049444995084800000
1049739708081803269
1049837021861163008
1050903016159698946
1051167881206075393
1051264174763008000
1056705372751183872
1057431377086308352
1058163605751939072
1058831564090564613
1059984463667568640
1059995241980190720
1061396174027014144
1063827540429758470
1064207404043288576
1069121817527242752
1070243848813666305
1070523056752254977
1070830331601842182
1071258955676975104
1071678205608681472
1073751768188674048
1074560170943004672
1074932566635868160
1075386032185589761
1075554066460098560
1079299668905943041
1080580009847373830
1080823552511627264
1081274232259043328
1081600146260049921
1082065617807724545
1082277272705351681
1083754162544959488
1083799114012254208
1084250775071715328
1085812490120978432
1087131043503792129
1087688584386281472
1089454555027275776
109119245
1093964450254581760
1094437871052701696
1095078690646573056
109653126
1097998576372908032
1101899096518987776
1107177018641137665
1110232120176181259
1110379508996038656
1110583205558665216
1112793891152019459
1113464657308553217
1113822184194097153
1113849764867530752
1114021233148882944
1114060542656831489
1115461702407974912
1115646221710811136
1115991764068966401
1116102626981109760
1117276424224698369
1117645871703740417
1117771196379037696
1117995106454233088
1118697519926525952
1118895455407149056
1119176630499459073
1119357867507822594
1119607270999035904
1119875339608453120
1120352367617040384
1120535292857978880
1120634765789384704
1121434731462131712
1123806225420959746
1124326033866592256
1126834466792529922
1126861787666812930
1127419336321200128
1127607040166191105
1127734503286272000
1127827855407222784
1128015541808041989
1128322212220624902
1128560217036222464
1129809296961736706
1129889280065716224
1130495242531168257
1131587596059054080
1132900776735494144
1133440830570680320
1134259952586055680
1134844891702398976
1135490450159259650
1137150288178098178
1138393456324202496
1138566958885068800
1139529709396430853
1139889857734553600
1140721853763334144
1140930084095664128
1141076345570467840
1142024061784117250
1142837385606160387
1143119534
1144823483609673730
1145629330447437824
1145731672442150912
1145841079431901184
1146312450846928897
1147021351464497152
1147360420598112256
1148071098568732672
1148404910733582337
1151018457946681345
1152907582639497216
1153892753073459206
1154072136216133632
1154531095544827904
1156197308276436992
1160499065009913856
1161558236706721793
1161713079782129665
1161794117170606080
1162203725001195522
1163249860503592961
1163307204151132160
1164037161827495936
1165422309630468096
1165434789094207488
1165622999258554368
1167496326256451585
1167737147136380928
1167802759036510208
1167829136762556416
1168910887224258564
1169023233032691712
1169324276329132032
1170074740582756359
1170489249247956993
1173234423304577026
1173369864
1174486288637952000
1174629109130919936
1176400918461337605
1176440847040012288
1176843106882400258
1177440577526222848
1179760001008713728
1182334551806418946
1182361684880449537
1183487776341102593
1184110001620582400
1184747456967389184
1185989246101774336
1186197750
1186478341160914944
1186766433172086785
1187812545836519426
1190740350714990592
1191317269558824966
1191559496147095557
1191872619827482625
1193336277514502144
1193590301232902144
1193920624093057026
1194059817586974723
1194341713713741824
1196224922504368128
1196889207010136066
1197190543643729920
1197677114394316802
1199438801334145025
1199481636536102913
1200081642758361088
1200539501040414726
1201107788623204352
1201982152558161921
1202051469668569089
1202259353132138496
1202664843892801536
1202674183244668928
1203866354140483584
1204737880729497601
1205136885477236740
1205949834689228800
1206576039675256832
1207005964165095426
1211205981834641410
1211326418547658752
1211426881418842113
1212310303871881216
1212380345691074560
1213648493446717440
1213878502727905280
1214655694156132352
1214663228665384960
1214979711367073793
1215207424719589376
1215250957455544322
1215302229181120514
1217509352522821635
1217511594390847488
1217645352
1218787365583495168
1220039803
1221492179454922753
1222121679335411712
1222707516070514688
1222850690709696512
1223224957993439234
1223257836379131904
1223388764506075137
1224231187792592897
1226929816114470912
1227031095125954560
1228741946266382336
1228903054872702978
1229641765793206273
1230029914054656000
1230277208821915650
1230835868719616002
1231577911364374530
1231776322248032258
1233419673888149505
1233658007269101568
1237175916951822336
1237290350483472384
1238560089713324038
1240499745887522816
1240799886154633216
1241015643752759296
1241185236798627841
1241749604628156417
1241782375664754691
1241927420200058881
1242353332947013633
1243172759317778432
1243506983883304961
1243611572309819397
1243739264153571328
1243740672768663553
1244056694323281921
1244825885078945792
1244857567529975808
1245017089393524738
1245239417658175490
1245319020288471041
1245353646130434048
1245616096809324547
1246190151211995136
1246771940452229122
1247164217955942405
1248077006115307520
1248359482452664320
1249164291338452994
1249178024580276224
1249607804714799104
1249904711827775489
1250510001547902976
1250752242262650881
1251180297867145219
1251272560962088960
1251450756437282816
1252828728637272064
1253056347697971204
1253952217394151424
1254031109156933632
1254834348404232201
1255328588884324353
1255380797047144449
1255518099324858370
1255533158897942528
1255778168138424322
1256677006042968065
1256797257355034625
1257762738631294977
1258462918913527809
1258608421064052739
1259355175392706560
1259556866490880005
1259833248613613568
1260163937540075524
1260287319225126913
1260810462876151808
1260825255809101825
1261059201431896064
1261311135782928385
1261660327562956800
1261936803788886018
1262006792613134341
1263133536619573248
1263718219942031360
1263765445359910912
1264182603898327041
1264479332447088642
1264587696913084421
1265045881306394624
1265387789941641221
1265632216316407810
1265767605446627329
1265855454053371909
1266406972733001728
1267197844315930625
1267757972995878913
1267758432347619330
1267856421934247938
1268174145747116035
1268268051805413376
1268466951707217921
1268973885422211073
1269051569422524416
1269078005432844295
1269213615682473984
1269491725602611201
1289926862
13019722
1331139673
1336563324
1340431370
1340860399
135140742
1355475607
1373243384
14025442
1421497116
14373681
143889658
144213423
1449347455
14578391
1486959908
14888005
152473489
1533730298
1561323888
15825051
1584404690
1592734068
159750690
163431169
1667829816
1672241426
1676248206
1677361934
1688907692
169529195
16960368
1699504506
1722203696
1726036448
173782076
176762428
177091595
177344822
1844992560
18482882
1877197518
188493873
18885231
1922407213
1931300713
19923638
19933669
201213049
202085486
210225296
2151801432
2158047919
2171367405
21714690
2177317290
21786602
2179156326
21797631
2185933902
2186472047
2208055752
2233664710
225289602
226280047
2267821138
2275698195
2282750154
22835689
2286345735
2293483759
2302148606
2331080046
2332778617
2360854450
2370821162
2389372964
239039733
2397333138
2423150160
2428348680
2433008054
2438937637
2454306833
24735023
2477551700
25229293
2568953369
262133011
2626351829
26293181
26413971
264235437
2653990117
2676472324
26806280
2689215590
2700060886
2706186476
2724398917
2726081608
27272383
2739394832
27647220
2766250838
2775481914
2849480569
2857242694
286553778
2869114914
2873839776
2885882546
2892956660
290135931
2909535757
2910425112
2922797220
2925585116
29324946
293938878
2958192485
29789039
3010186248
30133536
3013638236
3014088650
3017942598
3020614480
3022245624
3027867303
3035572323
3054246018
3059126467
3096727526
311981592
3142135756
3182137898
322857751
3228638561
3230849602
3236062091
3240534250
3242181333
3247216346
3255017239
3272849106
3300487816
3309659086
3317527245
3324680789
332579618
3342154871
3344597591
33614752
34164048
3421014747
3464251397
346693057
3707454257
37584492
381901192
3931242563
394657724
396010111
39747996
40232728
4052644648
409679414
4099795759
422344382
423613590
433423689
434729752
43834885
443664915
446736941
44816846
4499554161
451478294
456700504
4576560193
468992581
4706538354
4743546312
47592899
476800771
477962369
4799265097
4809639552
4822956857
4836413698
4848192823
4860102221
4870586859
4895718995
4917211361
4923795713
498781170
50309288
504501654
520157682
531691665
537652294
539527697
541150491
544983506
559722243
560470935
56939676
583259859
592038936
59235583
613101520
620611409
621697730
629017605
65449134
699571410130374656
702767272826372096
709490117640118273
709721121357045760
70994984
711164602269233155
716090912
716932849
717884324536692736
720060577687601152
721186666921111552
721237076562325504
723362243186806785
725683153088602113
725720575323205633
726009300036919297
727392756
727770911139598336
729257092465336320
731265100607291392
734264710535647234
736348981689737217
740016028978057216
740028345337806848
741101492837351425
741185015174795264
744375443097157633
744703113567834114
745177156276236288
746424331220115456
746501495546220545
748205054214037504
749808698810261504
750510675579969536
751164511751659520
758632788153204736
762615665987424257
769421982429421568
775824262619885568
781149215682625536
783893157050068992
789059978
791458907222708228
791865335120928768
79342674
796495549390172161
802757873562361856
804960055
805037527518167040
805186288752148480
810175302336991232
810664070886080512
811587171249520640
812822818828251136
813049019039682560
814127843797934080
815619013808181248
817705604965928960
818649822227939329
819710462166269952
820442027808538624
821699490675564544
823211211642826754
823680517094645760
824395292
825735688037494786
82697361
827459893133127680
832834203460853760
835244115604422657
841708964555374592
842812263580995586
845781459260456960
847897759
848535775885053956
850935033766522880
853657030711623681
856234555631652865
856279352652124160
85785398
858334479898759174
858394037669199876
858632053092429826
859079623379996673
859207921460158464
859582372504772608
859890553823035394
86471448
866419022606196736
866437908802097152
868661286153801728
869636076683526150
869940924071260161
874198259870388224
874348172503592960
879151026833506304
879654585568067584
880073587100708866
886031046
886382604961828864
888042539088961537
889719071134015488
891411271794520069
891918007630413825
894997103356891136
895368804745830400
898962468
900063665856106496
900694950119124992
903200235928788992
906470124596617216
906586356322902016
906864907618054144
907034217636343809
908523527896047616
908753398425620481
910063806985912320
910680226660626432
910996960693424128
913161097523400704
916955204268027904
917236170744107008
918769992044351489
930514562096308224
930539925249826816
930995617136041984
934141782455148549
936537858650730496
936794631756333058
937336941053276161
93760050
939204178789924870
941560746902667264
945204737208565761
946228307397357568
946228316767424512
947379298125713413
947547182344949760
947714742755438593
948155111917871104
948528926187540486
949847357058936833
950699267928272897
951122070510817280
951480560236441600
952534372225187842
952560049569837056
953041659138228224
956000110214860800
956062937868918786
956725648533458945
95733075
957509234761043969
957868492157607936
958031969295785984
958663560879640576
958860911611068416
959689421212745729
960067193718259712
960649543380619264
961063516399534080
963610982210834432
963807212606033921
965067295830585344
965422682899714048
966453398781485057
966703345690869761
968656352657600513
969284017278287872
971572768457273345
973149129718169600
973241495498215429
976246530553376770
978078286382358529
978420703748767744
978658662
981518781510860800
983182953583923200
986549823078838273
986619439574540288
987416344814637062
987492268968996864
988588647845949440
990004858790055937
991412987016695808
992968660191989760
993658111377502208
993883983451774978
994592766750613504
994820540908089345
994954678994694146
995909427818414080
996670760134426625
997985011646296064
999303950972039172
